750
1
28
120
638
325
644
309
536
34
275
70
154
483
109
820
181
22
775
441
29
39
19
298
11
604
113
287
211
38
203
21
860
5
652
645
35
358
233
25
602
41
433
605
964
48
688
92
260
24
125
951
570
241
329
347
98
140
23
567
596
251
663
480
222
514
869
3
387
17
4
167
799
265
516
268
435
677
196
436
584
412
56
87
228
281
450
81
364
179
194
467
815
254
277
361
778
286
78
442
50
479
296
166
504
728
202
468
216
560
576
62
16
73
743
532
149
546
404
370
159
103
294
141
994
193
189
724
201
121
136
43
14
13
606
230
497
45
83
90
314
272
301
488
736
316
889
923
323
7
614
176
132
112
74
100
826
493
551
348
439
63
505
302
367
997
588
77
145
768
89
300
393
225
836
706
888
416
332
139
550
187
9
60
197
654
460
784
219
278
127
217
75
616
755
184
178
279
704
174
148
245
210
406
446
924
255
247
671
328
867
520
177
292
648
509
557
707
462
303
261
472
313
531
559
477
33
597
213
451
745
220
106
746
170
320
913
107
212
229
232
317
111
423
756
899
239
389
209
777
812
629
626
893
421
305
356
334
506
315
502
623
397
950
908
391
284
42
276
186
299
192
411
360
473
311
164
463
457
267
692
274
377
346
378
499
723
627
849
379
519
235
352
761
998
110
293
400
508
539
258
319
333
430
507
142
362
342
425
374
205
556
351
357
312
803
485
921
809
380
530
500
647
561
354
718
538
122
785
554
240
420
575
802
831
283
732
565
533
742
431
712
594
830
326
429
687
282
456
526
939
610
540
549
489
641
992
440
719
962
349
340
739
779
963
611
741
381
848
845
396
448
682
486
369
613
727
679
819
658
667
650
555
541
942
491
669
865
729
922
880
639
986
592
842
646
680
642
863
591
771
691
787
569
515
678
747
574
807
722
978
649
655
776
926
754
453
702
764
713
786
672
708
886
811
843
822
975
725
907
208
852
878
829
804
827
864
733
730
308
135
850
791
757
844
823
767
877
640
821
890
766
874
772
859
792
855
917
693
621
656
936
896
738
905
931
971
593
969
790
690
976
694
854
734
748
906
839
948
987
887
780
955
851
935
875
966
983
870
970
938
925
895
944
900
972
954
914
959
933
989
79 534
123 661
124 394
80 496
65 318
163 949
470 796
200 934
86 846
478 585
434 657
341 662
552 902
188 330
782 794
876 980
137 582
689 793
418 805
126 535
449 898
91 916
731 737
88 455
681 783
835 965
30 512
818 952
510 577
146 398
191 918
415 458
365 806
297 752
18 227
249 800
335 583
882 885
66 108
633 977
524 979
134 673
182 753
590 603
801 909
498 912
375 892
190 371
426 798
484 600
290 664
403 518
331 825
221 437
417 653
104 402
353 563
53 750
414 832
130 542
20 183
6 773
238 581
236 521
31 242
71 116
684 857
443 927
114 543
10 270
59 61
246 475
981 982
322 388
310 861
770 985
528 816
501 996
55 452
51 686
529 589
15 834
257 946
765 929
252 675
715 991
359 637
259 622
668 696
366 710
413 643
271 797
158 327
273 760
157 659
841 958
428 961
101 968
336 503
307 903
175 339
95 343
2 204
44 873
355 572
432 695
147 608
54 382
243 881
150 953
324 595
617 660
744 758
224 930
853 862
151 337
248 392
64 269
36 635
386 438
464 711
129 244
285 984
207 289
419 817
99 171
185 447
399 915
155 879
609 735
769 828
676 858
57 118
27 143
525 545
517 810
295 558
344 628
162 781
338 390
263 795
618 840
598 599
264 625
615 665
128 788
620 943
580 919
373 487
548 587
102 871
465 990
910 967
363 714
523 960
256 901
537 956
469 814
12 824
131 405
105 454
226 490
321 697
624 833
808 993
58 685
72 93
26 511
401 701
40 206
152 947
891 911
547 894
407 578
84 119
250 634
904 957
67 117
492 495
68 868
32 813
368 674
720 751
345 494
8 872
384 461
156 522
97 709
424 703
214 427
47 941
52 698
466 481
96 932
566 740
138 172
571 856
383 789
376 476
304 372
76 666
165 705
153 544
482 866
161 231
215 636
422 459
513 553
838 988
670 759
133 721
385 444
160 699
168 568
262 774
94 253
0 683
69 632
651 883
847 999
234 631
562 928
199 763
408 619
37 700
218 762
573 716
395 945
350 564
173 409
169 612
223 445
266 291
85 837
601 920
288 474
749 973
180 630
579 937
410 527
115 306
237 995
144 280
49 974
82 884
198 897
46 607
717 726
586 940
195 471